INSERT INTO Cooking_Competition.Judge_Participant_Scores (Episode_idEpisode, Judge_idJudge, Participant_id, Score) VALUES
(1,1,1,2), (1,1,2,5), (1,1,3,2), (1,2,1,2), (1,2,2,1), (1,2,3,1), (1,3,1,4), (1,3,2,2), (1,3,3,3), (1,4,1,4), (1,4,2,2), (1,4,3,2), (1,5,1,5), (1,5,2,1), (1,5,3,1), (1,6,1,2), (1,6,2,2), (1,6,3,4), (1,7,1,5), (1,7,2,3), (1,7,3,5), (1,8,1,4), (1,8,2,3), (1,8,3,4), (1,9,1,3), (1,9,2,4), (1,9,3,3), (1,10,1,2), (1,10,2,4), (1,10,3,3), 
(2,4,11,1), (2,4,12,3), (2,4,13,1), (2,4,14,2), (2,4,15,3), (2,4,16,2), (2,4,17,2), (2,4,18,3), (2,4,19,2), (2,4,20,3), (2,5,11,1), (2,5,12,4), (2,5,13,2), (2,5,14,4), (2,5,15,2), (2,5,16,3), (2,5,17,5), (2,5,18,4), (2,5,19,4), (2,5,20,2), (2,6,11,4), (2,6,12,1), (2,6,13,2), (2,6,14,4), (2,6,15,1), (2,6,16,4), (2,6,17,2), (2,6,18,1), (2,6,19,2), (2,6,20,2), 
(3,7,21,2), (3,7,22,5), (3,7,23,2), (3,7,24,4), (3,7,25,1), (3,7,26,5), (3,7,27,4), (3,7,28,4), (3,7,29,4), (3,7,30,3), (3,8,21,4), (3,8,22,5), (3,8,23,5), (3,8,24,4), (3,8,25,3), (3,8,26,1), (3,8,27,1), (3,8,28,4), (3,8,29,1), (3,8,30,3), (3,9,21,2), (3,9,22,3), (3,9,23,3), (3,9,24,5), (3,9,25,1), (3,9,26,5), (3,9,27,3), (3,9,28,3), (3,9,29,1), (3,9,30,4), 
(4,10,31,3), (4,10,32,2), (4,10,33,3), (4,10,34,5), (4,10,35,4), (4,10,36,5), (4,10,37,5), (4,10,38,4), (4,10,39,3), (4,10,40,2), (4,11,31,2), (4,11,32,2), (4,11,33,5), (4,11,34,5), (4,11,35,2), (4,11,36,5), (4,11,37,5), (4,11,38,1), (4,11,39,4), (4,11,40,2), (4,12,31,5), (4,12,32,2), (4,12,33,1), (4,12,34,5), (4,12,35,4), (4,12,36,2), (4,12,37,5), (4,12,38,3), (4,12,39,2), (4,12,40,2), 
(5,13,41,5), (5,13,42,5), (5,13,43,1), (5,13,44,4), (5,13,45,3), (5,13,46,1), (5,13,47,1), (5,13,48,4), (5,13,49,5), (5,13,50,3), (5,14,41,2), (5,14,42,5), (5,14,43,1), (5,14,44,1), (5,14,45,4), (5,14,46,4), (5,14,47,5), (5,14,48,1), (5,14,49,1), (5,14,50,1), (5,15,41,4), (5,15,42,1), (5,15,43,2), (5,15,44,3), (5,15,45,2), (5,15,46,4), (5,15,47,1), (5,15,48,1), (5,15,49,1), (5,15,50,5), 
(6,16,51,2), (6,16,52,2), (6,16,53,4), (6,16,54,2), (6,16,55,3), (6,16,56,4), (6,16,57,4), (6,16,58,4), (6,16,59,4), (6,16,60,3), (6,17,51,4), (6,17,52,3), (6,17,53,4), (6,17,54,5), (6,17,55,5), (6,17,56,4), (6,17,57,4), (6,17,58,1), (6,17,59,3), (6,17,60,3), (6,18,51,5), (6,18,52,2), (6,18,53,4), (6,18,54,1), (6,18,55,1), (6,18,56,5), (6,18,57,5), (6,18,58,5), (6,18,59,3), (6,18,60,3), 
(7,19,61,2), (7,19,62,3), (7,19,63,4), (7,19,64,2), (7,19,65,1), (7,19,66,2), (7,19,67,4), (7,19,68,2), (7,19,69,2), (7,19,70,1), (7,20,61,4), (7,20,62,3), (7,20,63,4), (7,20,64,2), (7,20,65,4), (7,20,66,2), (7,20,67,4), (7,20,68,4), (7,20,69,3), (7,20,70,5), (7,21,61,2), (7,21,62,5), (7,21,63,4), (7,21,64,3), (7,21,65,3), (7,21,66,4), (7,21,67,1), (7,21,68,2), (7,21,69,5), (7,21,70,4), 
(8,22,71,2), (8,22,72,5), (8,22,73,4), (8,22,74,5), (8,22,75,1), (8,22,76,1), (8,22,77,3), (8,22,78,3), (8,22,79,3), (8,22,80,3), (8,23,71,1), (8,23,72,5), (8,23,73,1), (8,23,74,1), (8,23,75,5), (8,23,76,4), (8,23,77,5), (8,23,78,2), (8,23,79,2), (8,23,80,3), (8,24,71,3), (8,24,72,5), (8,24,73,1), (8,24,74,1), (8,24,75,1), (8,24,76,1), (8,24,77,3), (8,24,78,5), (8,24,79,2), (8,24,80,3), 
(9,25,81,2), (9,25,82,1), (9,25,83,4), (9,25,84,5), (9,25,85,1), (9,25,86,2), (9,25,87,2), (9,25,88,1), (9,25,89,3), (9,25,90,1), (9,26,81,1), (9,26,82,2), (9,26,83,1), (9,26,84,4), (9,26,85,5), (9,26,86,5), (9,26,87,5), (9,26,88,5), (9,26,89,1), (9,26,90,4), (9,27,81,3), (9,27,82,5), (9,27,83,1), (9,27,84,2), (9,27,85,2), (9,27,86,2), (9,27,87,2), (9,27,88,1), (9,27,89,4), (9,27,90,3), 
(10,28,91,5), (10,28,92,5), (10,28,93,4), (10,28,94,2), (10,28,95,2), (10,28,96,3), (10,28,97,3), (10,28,98,5), (10,28,99,4), (10,28,100,2), (10,29,91,4), (10,29,92,3), (10,29,93,2), (10,29,94,3), (10,29,95,3), (10,29,96,5), (10,29,97,2), (10,29,98,2), (10,29,99,4), (10,29,100,4), (10,30,91,5), (10,30,92,3), (10,30,93,4), (10,30,94,2), (10,30,95,2), (10,30,96,2), (10,30,97,3), (10,30,98,1), (10,30,99,3), (10,30,100,3), 
(11,31,101,4), (11,31,102,4), (11,31,103,4), (11,31,104,2), (11,31,105,1), (11,31,106,2), (11,31,107,2), (11,31,108,1), (11,31,109,5), (11,31,110,2), (11,32,101,2), (11,32,102,1), (11,32,103,4), (11,32,104,2), (11,32,105,4), (11,32,106,3), (11,32,107,5), (11,32,108,3), (11,32,109,3), (11,32,110,4), (11,33,101,3), (11,33,102,5), (11,33,103,4), (11,33,104,1), (11,33,105,3), (11,33,106,4), (11,33,107,5), (11,33,108,2), (11,33,109,3), (11,33,110,5), 
(12,34,111,1), (12,34,112,2), (12,34,113,1), (12,34,114,2), (12,34,115,4), (12,34,116,2), (12,34,117,4), (12,34,118,2), (12,34,119,4), (12,34,120,3), (12,35,111,4), (12,35,112,2), (12,35,113,3), (12,35,114,1), (12,35,115,4), (12,35,116,5), (12,35,117,3), (12,35,118,2), (12,35,119,1), (12,35,120,2), (12,36,111,5), (12,36,112,2), (12,36,113,4), (12,36,114,2), (12,36,115,5), (12,36,116,3), (12,36,117,3), (12,36,118,5), (12,36,119,2), (12,36,120,4), 
(13,37,121,4), (13,37,122,1), (13,37,123,4), (13,37,124,4), (13,37,125,1), (13,37,126,5), (13,37,127,4), (13,37,128,4), (13,37,129,4), (13,37,130,4), (13,38,121,5), (13,38,122,3), (13,38,123,2), (13,38,124,4), (13,38,125,4), (13,38,126,4), (13,38,127,5), (13,38,128,3), (13,38,129,4), (13,38,130,4), (13,39,121,1), (13,39,122,4), (13,39,123,3), (13,39,124,3), (13,39,125,4), (13,39,126,3), (13,39,127,3), (13,39,128,2), (13,39,129,5), (13,39,130,3), 
(14,40,131,4), (14,40,132,4), (14,40,133,1), (14,40,134,1), (14,40,135,5), (14,40,136,3), (14,40,137,2), (14,40,138,4), (14,40,139,1), (14,40,140,5), (14,41,131,5), (14,41,132,3), (14,41,133,3), (14,41,134,1), (14,41,135,4), (14,41,136,5), (14,41,137,3), (14,41,138,2), (14,41,139,3), (14,41,140,2), (14,42,131,3), (14,42,132,4), (14,42,133,4), (14,42,134,2), (14,42,135,4), (14,42,136,5), (14,42,137,1), (14,42,138,2), (14,42,139,5), (14,42,140,5), 
(15,43,141,1), (15,43,142,4), (15,43,143,5), (15,43,144,4), (15,43,145,4), (15,43,146,1), (15,43,147,3), (15,43,148,2), (15,43,149,4), (15,43,150,4), (15,44,141,5), (15,44,142,5), (15,44,143,4), (15,44,144,2), (15,44,145,3), (15,44,146,5), (15,44,147,5), (15,44,148,5), (15,44,149,1), (15,44,150,3), (15,45,141,1), (15,45,142,2), (15,45,143,3), (15,45,144,1), (15,45,145,5), (15,45,146,4), (15,45,147,3), (15,45,148,3), (15,45,149,1), (15,45,150,1), 
(16,46,151,5), (16,46,152,1), (16,46,153,1), (16,46,154,3), (16,46,155,1), (16,46,156,3), (16,46,157,2), (16,46,158,2), (16,46,159,1), (16,46,160,4), (16,47,151,4), (16,47,152,5), (16,47,153,4), (16,47,154,2), (16,47,155,1), (16,47,156,5), (16,47,157,1), (16,47,158,5), (16,47,159,5), (16,47,160,1), (16,48,151,3), (16,48,152,5), (16,48,153,5), (16,48,154,2), (16,48,155,3), (16,48,156,1), (16,48,157,5), (16,48,158,3), (16,48,159,3), (16,48,160,4), 
(17,49,161,5), (17,49,162,4), (17,49,163,1), (17,49,164,2), (17,49,165,4), (17,49,166,4), (17,49,167,2), (17,49,168,2), (17,49,169,2), (17,49,170,1), (17,50,161,5), (17,50,162,4), (17,50,163,5), (17,50,164,2), (17,50,165,1), (17,50,166,3), (17,50,167,4), (17,50,168,3), (17,50,169,1), (17,50,170,2), (17,51,161,1), (17,51,162,2), (17,51,163,3), (17,51,164,3), (17,51,165,3), (17,51,166,5), (17,51,167,3), (17,51,168,2), (17,51,169,5), (17,51,170,2), 
(18,52,171,4), (18,52,172,1), (18,52,173,4), (18,52,174,2), (18,52,175,5), (18,52,176,3), (18,52,177,4), (18,52,178,4), (18,52,179,4), (18,52,180,1), (18,53,171,2), (18,53,172,5), (18,53,173,2), (18,53,174,2), (18,53,175,5), (18,53,176,4), (18,53,177,4), (18,53,178,1), (18,53,179,5), (18,53,180,2), (18,54,171,3), (18,54,172,5), (18,54,173,5), (18,54,174,4), (18,54,175,5), (18,54,176,4), (18,54,177,3), (18,54,178,3), (18,54,179,3), (18,54,180,5), 
(19,55,181,4), (19,55,182,5), (19,55,183,1), (19,55,184,2), (19,55,185,3), (19,55,186,2), (19,55,187,3), (19,55,188,3), (19,55,189,5), (19,55,190,1), (19,56,181,2), (19,56,182,5), (19,56,183,5), (19,56,184,5), (19,56,185,2), (19,56,186,5), (19,56,187,4), (19,56,188,2), (19,56,189,2), (19,56,190,2), (19,57,181,1), (19,57,182,1), (19,57,183,5), (19,57,184,5), (19,57,185,3), (19,57,186,3), (19,57,187,4), (19,57,188,1), (19,57,189,5), (19,57,190,3), 
(20,58,191,1), (20,58,192,5), (20,58,193,4), (20,58,194,1), (20,58,195,1), (20,58,196,5), (20,58,197,4), (20,58,198,1), (20,58,199,5), (20,58,200,5), (20,59,191,3), (20,59,192,5), (20,59,193,4), (20,59,194,2), (20,59,195,5), (20,59,196,4), (20,59,197,5), (20,59,198,2), (20,59,199,4), (20,59,200,5), (20,60,191,5), (20,60,192,1), (20,60,193,2), (20,60,194,5), (20,60,195,2), (20,60,196,5), (20,60,197,2), (20,60,198,2), (20,60,199,4), (20,60,200,3), 
(21,61,201,4), (21,61,202,2), (21,61,203,1), (21,61,204,3), (21,61,205,1), (21,61,206,5), (21,61,207,2), (21,61,208,3), (21,61,209,3), (21,61,210,2), (21,62,201,3), (21,62,202,1), (21,62,203,4), (21,62,204,3), (21,62,205,3), (21,62,206,3), (21,62,207,4), (21,62,208,3), (21,62,209,4), (21,62,210,5), (21,63,201,3), (21,63,202,3), (21,63,203,4), (21,63,204,1), (21,63,205,2), (21,63,206,4), (21,63,207,4), (21,63,208,5), (21,63,209,4), (21,63,210,5), 
(22,64,211,1), (22,64,212,5), (22,64,213,2), (22,64,214,3), (22,64,215,4), (22,64,216,4), (22,64,217,2), (22,64,218,1), (22,64,219,3), (22,64,220,4), (22,65,211,2), (22,65,212,2), (22,65,213,2), (22,65,214,3), (22,65,215,3), (22,65,216,4), (22,65,217,1), (22,65,218,1), (22,65,219,5), (22,65,220,2), (22,66,211,1), (22,66,212,3), (22,66,213,4), (22,66,214,5), (22,66,215,2), (22,66,216,3), (22,66,217,1), (22,66,218,2), (22,66,219,1), (22,66,220,2), 
(23,67,221,1), (23,67,222,1), (23,67,223,4), (23,67,224,3), (23,67,225,5), (23,67,226,2), (23,67,227,4), (23,67,228,1), (23,67,229,3), (23,67,230,1), (23,68,221,5), (23,68,222,3), (23,68,223,1), (23,68,224,4), (23,68,225,1), (23,68,226,2), (23,68,227,3), (23,68,228,2), (23,68,229,2), (23,68,230,3), (23,69,221,5), (23,69,222,2), (23,69,223,2), (23,69,224,3), (23,69,225,5), (23,69,226,4), (23,69,227,1), (23,69,228,2), (23,69,229,3), (23,69,230,5), 
(24,70,231,1), (24,70,232,5), (24,70,233,1), (24,70,234,4), (24,70,235,3), (24,70,236,3), (24,70,237,4), (24,70,238,4), (24,70,239,2), (24,70,240,2), (24,71,231,1), (24,71,232,3), (24,71,233,1), (24,71,234,1), (24,71,235,5), (24,71,236,1), (24,71,237,1), (24,71,238,1), (24,71,239,4), (24,71,240,4), (24,72,231,2), (24,72,232,2), (24,72,233,5), (24,72,234,2), (24,72,235,3), (24,72,236,4), (24,72,237,3), (24,72,238,1), (24,72,239,1), (24,72,240,1), 
(25,73,241,2), (25,73,242,4), (25,73,243,5), (25,73,244,5), (25,73,245,1), (25,73,246,3), (25,73,247,4), (25,73,248,1), (25,73,249,5), (25,73,250,3), (25,74,241,5), (25,74,242,3), (25,74,243,4), (25,74,244,5), (25,74,245,3), (25,74,246,1), (25,74,247,5), (25,74,248,2), (25,74,249,4), (25,74,250,1), (25,75,241,3), (25,75,242,1), (25,75,243,2), (25,75,244,2), (25,75,245,1), (25,75,246,1), (25,75,247,4), (25,75,248,4), (25,75,249,2), (25,75,250,3), 
(26,76,251,1), (26,76,252,5), (26,76,253,4), (26,76,254,3), (26,76,255,2), (26,76,256,1), (26,76,257,1), (26,76,258,1), (26,76,259,1), (26,76,260,1), (26,77,251,5), (26,77,252,5), (26,77,253,5), (26,77,254,4), (26,77,255,3), (26,77,256,5), (26,77,257,1), (26,77,258,1), (26,77,259,3), (26,77,260,4), (26,78,251,4), (26,78,252,3), (26,78,253,1), (26,78,254,1), (26,78,255,5), (26,78,256,3), (26,78,257,5), (26,78,258,4), (26,78,259,4), (26,78,260,3), 
(27,79,261,3), (27,79,262,2), (27,79,263,4), (27,79,264,5), (27,79,265,5), (27,79,266,3), (27,79,267,1), (27,79,268,3), (27,79,269,3), (27,79,270,3), (27,80,261,1), (27,80,262,5), (27,80,263,2), (27,80,264,2), (27,80,265,2), (27,80,266,5), (27,80,267,2), (27,80,268,1), (27,80,269,1), (27,80,270,5), (27,81,261,2), (27,81,262,3), (27,81,263,4), (27,81,264,4), (27,81,265,5), (27,81,266,2), (27,81,267,3), (27,81,268,4), (27,81,269,3), (27,81,270,3), 
(28,82,271,3), (28,82,272,3), (28,82,273,1), (28,82,274,5), (28,82,275,1), (28,82,276,3), (28,82,277,5), (28,82,278,1), (28,82,279,3), (28,82,280,2), (28,83,271,2), (28,83,272,5), (28,83,273,3), (28,83,274,2), (28,83,275,5), (28,83,276,4), (28,83,277,4), (28,83,278,5), (28,83,279,1), (28,83,280,1), (28,84,271,4), (28,84,272,3), (28,84,273,3), (28,84,274,5), (28,84,275,3), (28,84,276,3), (28,84,277,2), (28,84,278,5), (28,84,279,2), (28,84,280,4), 
(29,85,281,1), (29,85,282,5), (29,85,283,4), (29,85,284,5), (29,85,285,5), (29,85,286,3), (29,85,287,1), (29,85,288,4), (29,85,289,1), (29,85,290,4), (29,86,281,5), (29,86,282,1), (29,86,283,1), (29,86,284,2), (29,86,285,2), (29,86,286,3), (29,86,287,4), (29,86,288,2), (29,86,289,3), (29,86,290,2), (29,87,281,2), (29,87,282,3), (29,87,283,1), (29,87,284,2), (29,87,285,5), (29,87,286,3), (29,87,287,4), (29,87,288,2), (29,87,289,2), (29,87,290,2), 
(30,88,291,5), (30,88,292,2), (30,88,293,1), (30,88,294,5), (30,88,295,5), (30,88,296,2), (30,88,297,2), (30,88,298,1), (30,88,299,4), (30,88,300,3), (30,89,291,1), (30,89,292,4), (30,89,293,5), (30,89,294,2), (30,89,295,1), (30,89,296,4), (30,89,297,4), (30,89,298,3), (30,89,299,3), (30,89,300,5), (30,90,291,5), (30,90,292,3), (30,90,293,1), (30,90,294,2), (30,90,295,5), (30,90,296,4), (30,90,297,5), (30,90,298,1), (30,90,299,1), (30,90,300,5), 
(31,91,301,1), (31,91,302,5), (31,91,303,2), (31,91,304,4), (31,91,305,3), (31,91,306,2), (31,91,307,1), (31,91,308,2), (31,91,309,2), (31,91,310,5), (31,92,301,3), (31,92,302,1), (31,92,303,1), (31,92,304,4), (31,92,305,2), (31,92,306,1), (31,92,307,5), (31,92,308,4), (31,92,309,2), (31,92,310,2), (31,93,301,2), (31,93,302,3), (31,93,303,1), (31,93,304,1), (31,93,305,5), (31,93,306,1), (31,93,307,1), (31,93,308,2), (31,93,309,2), (31,93,310,4), 
(32,94,311,3), (32,94,312,3), (32,94,313,3), (32,94,314,5), (32,94,315,4), (32,94,316,1), (32,94,317,2), (32,94,318,2), (32,94,319,3), (32,94,320,4), (32,95,311,3), (32,95,312,3), (32,95,313,4), (32,95,314,4), (32,95,315,5), (32,95,316,4), (32,95,317,2), (32,95,318,5), (32,95,319,3), (32,95,320,3), (32,96,311,4), (32,96,312,2), (32,96,313,4), (32,96,314,5), (32,96,315,4), (32,96,316,5), (32,96,317,5), (32,96,318,4), (32,96,319,2), (32,96,320,5), 
(33,97,321,3), (33,97,322,2), (33,97,323,4), (33,97,324,1), (33,97,325,5), (33,97,326,1), (33,97,327,4), (33,97,328,2), (33,97,329,1), (33,97,330,3), (33,98,321,2), (33,98,322,3), (33,98,323,2), (33,98,324,5), (33,98,325,4), (33,98,326,2), (33,98,327,2), (33,98,328,4), (33,98,329,2), (33,98,330,4), (33,99,321,3), (33,99,322,5), (33,99,323,1), (33,99,324,1), (33,99,325,2), (33,99,326,3), (33,99,327,1), (33,99,328,1), (33,99,329,5), (33,99,330,1), 
(34,100,331,2), (34,100,332,4), (34,100,333,5), (34,100,334,5), (34,100,335,3), (34,100,336,2), (34,100,337,3), (34,100,338,3), (34,100,339,4), (34,100,340,3), (34,101,331,5), (34,101,332,2), (34,101,333,1), (34,101,334,4), (34,101,335,4), (34,101,336,2), (34,101,337,4), (34,101,338,5), (34,101,339,4), (34,101,340,1), (34,102,331,1), (34,102,332,2), (34,102,333,1), (34,102,334,1), (34,102,335,4), (34,102,336,1), (34,102,337,4), (34,102,338,5), (34,102,339,2), (34,102,340,1), 
(35,103,341,4), (35,103,342,4), (35,103,343,4), (35,103,344,3), (35,103,345,5), (35,103,346,2), (35,103,347,4), (35,103,348,5), (35,103,349,4), (35,103,350,2), (35,104,341,1), (35,104,342,4), (35,104,343,1), (35,104,344,4), (35,104,345,1), (35,104,346,2), (35,104,347,4), (35,104,348,4), (35,104,349,5), (35,104,350,4), (35,105,341,1), (35,105,342,3), (35,105,343,5), (35,105,344,2), (35,105,345,4), (35,105,346,4), (35,105,347,3), (35,105,348,4), (35,105,349,2), (35,105,350,2), 
(36,106,351,4), (36,106,352,1), (36,106,353,1), (36,106,354,1), (36,106,355,3), (36,106,356,1), (36,106,357,1), (36,106,358,5), (36,106,359,4), (36,106,360,3), (36,107,351,4), (36,107,352,2), (36,107,353,5), (36,107,354,1), (36,107,355,5), (36,107,356,3), (36,107,357,2), (36,107,358,5), (36,107,359,2), (36,107,360,2), (36,108,351,1), (36,108,352,1), (36,108,353,1), (36,108,354,4), (36,108,355,5), (36,108,356,3), (36,108,357,4), (36,108,358,3), (36,108,359,5), (36,108,360,2), 
(37,109,361,1), (37,109,362,2), (37,109,363,2), (37,109,364,1), (37,109,365,3), (37,109,366,1), (37,109,367,4), (37,109,368,3), (37,109,369,2), (37,109,370,5), (37,110,361,4), (37,110,362,4), (37,110,363,1), (37,110,364,3), (37,110,365,3), (37,110,366,4), (37,110,367,2), (37,110,368,4), (37,110,369,2), (37,110,370,4), (37,111,361,3), (37,111,362,2), (37,111,363,2), (37,111,364,1), (37,111,365,1), (37,111,366,4), (37,111,367,4), (37,111,368,1), (37,111,369,2), (37,111,370,4), 
(38,112,371,1), (38,112,372,2), (38,112,373,3), (38,112,374,4), (38,112,375,1), (38,112,376,1), (38,112,377,3), (38,112,378,4), (38,112,379,2), (38,112,380,4), (38,113,371,1), (38,113,372,5), (38,113,373,2), (38,113,374,1), (38,113,375,2), (38,113,376,2), (38,113,377,5), (38,113,378,3), (38,113,379,5), (38,113,380,5), (38,114,371,5), (38,114,372,1), (38,114,373,5), (38,114,374,3), (38,114,375,5), (38,114,376,5), (38,114,377,1), (38,114,378,5), (38,114,379,3), (38,114,380,5), 
(39,115,381,4), (39,115,382,5), (39,115,383,5), (39,115,384,3), (39,115,385,3), (39,115,386,1), (39,115,387,5), (39,115,388,3), (39,115,389,2), (39,115,390,5), (39,116,381,2), (39,116,382,1), (39,116,383,5), (39,116,384,3), (39,116,385,4), (39,116,386,4), (39,116,387,1), (39,116,388,4), (39,116,389,1), (39,116,390,1), (39,117,381,2), (39,117,382,1), (39,117,383,5), (39,117,384,5), (39,117,385,3), (39,117,386,3), (39,117,387,4), (39,117,388,3), (39,117,389,2), (39,117,390,4), 
(40,118,391,3), (40,118,392,2), (40,118,393,4), (40,118,394,4), (40,118,395,3), (40,118,396,1), (40,118,397,2), (40,118,398,1), (40,118,399,4), (40,118,400,2), (40,119,391,1), (40,119,392,3), (40,119,393,3), (40,119,394,2), (40,119,395,1), (40,119,396,2), (40,119,397,4), (40,119,398,1), (40,119,399,3), (40,119,400,1), (40,120,391,1), (40,120,392,3), (40,120,393,3), (40,120,394,3), (40,120,395,3), (40,120,396,2), (40,120,397,2), (40,120,398,5), (40,120,399,4), (40,120,400,1), 
(41,121,401,3), (41,121,402,2), (41,121,403,4), (41,121,404,3), (41,121,405,5), (41,121,406,3), (41,121,407,5), (41,121,408,4), (41,121,409,1), (41,121,410,3), (41,122,401,2), (41,122,402,4), (41,122,403,2), (41,122,404,1), (41,122,405,4), (41,122,406,2), (41,122,407,2), (41,122,408,3), (41,122,409,2), (41,122,410,2), (41,123,401,2), (41,123,402,2), (41,123,403,3), (41,123,404,1), (41,123,405,3), (41,123,406,4), (41,123,407,3), (41,123,408,1), (41,123,409,2), (41,123,410,2), 
(42,124,411,2), (42,124,412,2), (42,124,413,5), (42,124,414,5), (42,124,415,2), (42,124,416,1), (42,124,417,4), (42,124,418,5), (42,124,419,1), (42,124,420,5), (42,125,411,4), (42,125,412,4), (42,125,413,3), (42,125,414,3), (42,125,415,5), (42,125,416,1), (42,125,417,2), (42,125,418,1), (42,125,419,4), (42,125,420,2), (42,126,411,4), (42,126,412,5), (42,126,413,1), (42,126,414,2), (42,126,415,1), (42,126,416,2), (42,126,417,1), (42,126,418,5), (42,126,419,5), (42,126,420,2), 
(43,127,421,2), (43,127,422,4), (43,127,423,5), (43,127,424,4), (43,127,425,5), (43,127,426,2), (43,127,427,2), (43,127,428,3), (43,127,429,5), (43,127,430,2), (43,128,421,4), (43,128,422,4), (43,128,423,5), (43,128,424,1), (43,128,425,4), (43,128,426,5), (43,128,427,3), (43,128,428,5), (43,128,429,3), (43,128,430,3), (43,129,421,4), (43,129,422,3), (43,129,423,5), (43,129,424,1), (43,129,425,2), (43,129,426,4), (43,129,427,2), (43,129,428,5), (43,129,429,3), (43,129,430,2), 
(44,130,431,1), (44,130,432,5), (44,130,433,1), (44,130,434,4), (44,130,435,2), (44,130,436,1), (44,130,437,1), (44,130,438,3), (44,130,439,3), (44,130,440,5), (44,131,431,1), (44,131,432,4), (44,131,433,4), (44,131,434,2), (44,131,435,2), (44,131,436,1), (44,131,437,2), (44,131,438,4), (44,131,439,1), (44,131,440,4), (44,132,431,4), (44,132,432,3), (44,132,433,3), (44,132,434,1), (44,132,435,1), (44,132,436,2), (44,132,437,2), (44,132,438,3), (44,132,439,2), (44,132,440,3), 
(45,133,441,1), (45,133,442,4), (45,133,443,3), (45,133,444,5), (45,133,445,2), (45,133,446,3), (45,133,447,5), (45,133,448,2), (45,133,449,1), (45,133,450,5), (45,134,441,3), (45,134,442,4), (45,134,443,4), (45,134,444,3), (45,134,445,3), (45,134,446,2), (45,134,447,4), (45,134,448,1), (45,134,449,2), (45,134,450,3), (45,135,441,1), (45,135,442,2), (45,135,443,1), (45,135,444,3), (45,135,445,2), (45,135,446,4), (45,135,447,5), (45,135,448,4), (45,135,449,1), (45,135,450,4), 
(46,136,451,4), (46,136,452,5), (46,136,453,3), (46,136,454,3), (46,136,455,4), (46,136,456,3), (46,136,457,2), (46,136,458,4), (46,136,459,2), (46,136,460,4), (46,137,451,2), (46,137,452,3), (46,137,453,2), (46,137,454,2), (46,137,455,3), (46,137,456,4), (46,137,457,4), (46,137,458,3), (46,137,459,5), (46,137,460,2), (46,138,451,2), (46,138,452,3), (46,138,453,4), (46,138,454,2), (46,138,455,3), (46,138,456,5), (46,138,457,5), (46,138,458,2), (46,138,459,2), (46,138,460,1), 
(47,139,461,5), (47,139,462,5), (47,139,463,4), (47,139,464,2), (47,139,465,3), (47,139,466,1), (47,139,467,4), (47,139,468,1), (47,139,469,4), (47,139,470,2), (47,140,461,2), (47,140,462,5), (47,140,463,3), (47,140,464,3), (47,140,465,2), (47,140,466,1), (47,140,467,1), (47,140,468,4), (47,140,469,4), (47,140,470,4), (47,141,461,5), (47,141,462,2), (47,141,463,3), (47,141,464,1), (47,141,465,4), (47,141,466,4), (47,141,467,4), (47,141,468,2), (47,141,469,1), (47,141,470,2), 
(48,142,471,2), (48,142,472,2), (48,142,473,2), (48,142,474,1), (48,142,475,3), (48,142,476,1), (48,142,477,5), (48,142,478,1), (48,142,479,3), (48,142,480,3), (48,143,471,4), (48,143,472,3), (48,143,473,5), (48,143,474,1), (48,143,475,3), (48,143,476,4), (48,143,477,2), (48,143,478,1), (48,143,479,4), (48,143,480,2), (48,144,471,5), (48,144,472,3), (48,144,473,4), (48,144,474,5), (48,144,475,1), (48,144,476,5), (48,144,477,2), (48,144,478,2), (48,144,479,4), (48,144,480,4), 
(49,145,481,3), (49,145,482,4), (49,145,483,2), (49,145,484,5), (49,145,485,2), (49,145,486,5), (49,145,487,1), (49,145,488,1), (49,145,489,3), (49,145,490,5), (49,146,481,1), (49,146,482,5), (49,146,483,2), (49,146,484,5), (49,146,485,4), (49,146,486,2), (49,146,487,4), (49,146,488,1), (49,146,489,2), (49,146,490,5), (49,147,481,4), (49,147,482,4), (49,147,483,5), (49,147,484,1), (49,147,485,3), (49,147,486,2), (49,147,487,3), (49,147,488,3), (49,147,489,4), (49,147,490,3), 
(50,148,491,2), (50,148,492,3), (50,148,493,3), (50,148,494,5), (50,148,495,5), (50,148,496,3), (50,148,497,1), (50,148,498,2), (50,148,499,5), (50,148,500,2), (50,149,491,2), (50,149,492,3), (50,149,493,1), (50,149,494,5), (50,149,495,1), (50,149,496,3), (50,149,497,1), (50,149,498,1), (50,149,499,4), (50,149,500,1), (50,150,491,4), (50,150,492,4), (50,150,493,1), (50,150,494,3), (50,150,495,5), (50,150,496,1), (50,150,497,2), (50,150,498,5), (50,150,499,5), (50,150,500,5), 
(51,151,501,5), (51,151,502,5), (51,151,503,1), (51,151,504,1), (51,151,505,5), (51,151,506,1), (51,151,507,1), (51,151,508,2), (51,151,509,4), (51,151,510,5), (51,152,501,4), (51,152,502,2), (51,152,503,3), (51,152,504,4), (51,152,505,3), (51,152,506,4), (51,152,507,3), (51,152,508,5), (51,152,509,5), (51,152,510,1), (51,153,501,4), (51,153,502,5), (51,153,503,3), (51,153,504,1), (51,153,505,3), (51,153,506,2), (51,153,507,5), (51,153,508,5), (51,153,509,3), (51,153,510,2), 
(52,154,511,1), (52,154,512,2), (52,154,513,2), (52,154,514,5), (52,154,515,3), (52,154,516,3), (52,154,517,3), (52,154,518,4), (52,154,519,1), (52,154,520,2), (52,155,511,2), (52,155,512,1), (52,155,513,5), (52,155,514,5), (52,155,515,3), (52,155,516,3), (52,155,517,2), (52,155,518,4), (52,155,519,1), (52,155,520,1), (52,156,511,4), (52,156,512,4), (52,156,513,2), (52,156,514,1), (52,156,515,2), (52,156,516,1), (52,156,517,3), (52,156,518,1), (52,156,519,5), (52,156,520,2), 
(53,157,521,4), (53,157,522,4), (53,157,523,4), (53,157,524,5), (53,157,525,1), (53,157,526,3), (53,157,527,1), (53,157,528,2), (53,157,529,2), (53,157,530,4), (53,158,521,4), (53,158,522,5), (53,158,523,3), (53,158,524,1), (53,158,525,4), (53,158,526,2), (53,158,527,3), (53,158,528,2), (53,158,529,3), (53,158,530,1), (53,159,521,5), (53,159,522,5), (53,159,523,2), (53,159,524,1), (53,159,525,4), (53,159,526,3), (53,159,527,2), (53,159,528,3), (53,159,529,4), (53,159,530,4), 
(54,160,531,5), (54,160,532,1), (54,160,533,4), (54,160,534,5), (54,160,535,2), (54,160,536,4), (54,160,537,5), (54,160,538,2), (54,160,539,2), (54,160,540,1), (54,161,531,3), (54,161,532,4), (54,161,533,2), (54,161,534,4), (54,161,535,5), (54,161,536,5), (54,161,537,4), (54,161,538,3), (54,161,539,4), (54,161,540,2), (54,162,531,5), (54,162,532,1), (54,162,533,3), (54,162,534,5), (54,162,535,3), (54,162,536,5), (54,162,537,2), (54,162,538,5), (54,162,539,1), (54,162,540,2), 
(55,163,541,3), (55,163,542,3), (55,163,543,4), (55,163,544,2), (55,163,545,2), (55,163,546,5), (55,163,547,2), (55,163,548,3), (55,163,549,3), (55,163,550,2), (55,164,541,2), (55,164,542,2), (55,164,543,4), (55,164,544,4), (55,164,545,1), (55,164,546,2), (55,164,547,1), (55,164,548,2), (55,164,549,4), (55,164,550,5), (55,165,541,3), (55,165,542,4), (55,165,543,3), (55,165,544,3), (55,165,545,5), (55,165,546,5), (55,165,547,3), (55,165,548,2), (55,165,549,2), (55,165,550,2), 
(56,166,551,5), (56,166,552,5), (56,166,553,4), (56,166,554,2), (56,166,555,1), (56,166,556,1), (56,166,557,3), (56,166,558,4), (56,166,559,3), (56,166,560,5), (56,167,551,2), (56,167,552,3), (56,167,553,4), (56,167,554,4), (56,167,555,5), (56,167,556,5), (56,167,557,2), (56,167,558,4), (56,167,559,5), (56,167,560,5), (56,168,551,4), (56,168,552,1), (56,168,553,5), (56,168,554,5), (56,168,555,2), (56,168,556,3), (56,168,557,2), (56,168,558,5), (56,168,559,5), (56,168,560,3), 
(57,169,561,5), (57,169,562,3), (57,169,563,2), (57,169,564,5), (57,169,565,2), (57,169,566,3), (57,169,567,1), (57,169,568,1), (57,169,569,3), (57,169,570,4), (57,170,561,2), (57,170,562,2), (57,170,563,2), (57,170,564,2), (57,170,565,5), (57,170,566,1), (57,170,567,5), (57,170,568,1), (57,170,569,5), (57,170,570,1), (57,171,561,5), (57,171,562,4), (57,171,563,2), (57,171,564,2), (57,171,565,1), (57,171,566,1), (57,171,567,2), (57,171,568,5), (57,171,569,4), (57,171,570,3), 
(58,172,571,4), (58,172,572,5), (58,172,573,3), (58,172,574,4), (58,172,575,4), (58,172,576,4), (58,172,577,3), (58,172,578,2), (58,172,579,1), (58,172,580,5), (58,173,571,5), (58,173,572,5), (58,173,573,3), (58,173,574,3), (58,173,575,3), (58,173,576,4), (58,173,577,4), (58,173,578,4), (58,173,579,2), (58,173,580,4), (58,174,571,5), (58,174,572,4), (58,174,573,2), (58,174,574,5), (58,174,575,4), (58,174,576,2), (58,174,577,2), (58,174,578,5), (58,174,579,5), (58,174,580,5), 
(59,175,581,2), (59,175,582,3), (59,175,583,3), (59,175,584,4), (59,175,585,3), (59,175,586,5), (59,175,587,3), (59,175,588,3), (59,175,589,4), (59,175,590,3), (59,176,581,2), (59,176,582,1), (59,176,583,4), (59,176,584,4), (59,176,585,5), (59,176,586,2), (59,176,587,4), (59,176,588,4), (59,176,589,2), (59,176,590,5), (59,177,581,1), (59,177,582,5), (59,177,583,5), (59,177,584,1), (59,177,585,3), (59,177,586,4), (59,177,587,3), (59,177,588,2), (59,177,589,3), (59,177,590,5), 
(60,178,591,1), (60,178,592,1), (60,178,593,3), (60,178,594,2), (60,178,595,5), (60,178,596,1), (60,178,597,4), (60,178,598,5), (60,178,599,5), (60,178,600,3), (60,179,591,1), (60,179,592,2), (60,179,593,2), (60,179,594,5), (60,179,595,5), (60,179,596,4), (60,179,597,5), (60,179,598,3), (60,179,599,5), (60,179,600,3), (60,180,591,4), (60,180,592,4), (60,180,593,4), (60,180,594,3), (60,180,595,4), (60,180,596,3), (60,180,597,2), (60,180,598,3), (60,180,599,1), (60,180,600,3);
